775 766 786 778 759 735 717 762 779 777 
778 755 739 764 756 783 742 759 778 774 
59 50 60 62 70 59 55 59 63 58 
131 125 131 112 127 122 103 105 115 120 
-
780 777 732 746 836 766 756 780 749 717 
745 792 783 757 760 753 765 778 771 735 
45 62 64 56 60 77 62 64 68 69 
122 107 107 114 99 108 104 120 116 111 
-
754 775 807 794 764 817 815 739 736 796 
765 759 762 815 773 814 755 775 805 779 
61 46 65 43 68 52 51 61 65 60 
91 90 97 97 99 95 103 109 83 96 
-
778 756 772 778 778 792 795 756 794 808 
822 787 805 814 739 753 774 734 789 798 
40 49 50 50 50 45 42 44 40 43 
116 121 114 99 103 118 126 112 117 125 
-
754 767 721 779 758 746 760 780 790 788 
738 798 764 716 822 754 788 788 718 766 
51 58 54 64 46 52 60 47 57 66 
127 110 112 111 118 105 116 100 118 121 
