190 222 204 206 204 198 184 167 192 201 184 165 176 168 201 176 190 193 165 196 
409 340 339 374 389 365 382 389 405 380 
1290 1353 1315 1276 1289 1336 1313 1325 1302 1293 1330 1333 1360 1307 1299 1331 1330 1307 1327 1363 
0 0 0 0 0 0 0 0 0 0 
-
210 190 194 180 172 192 171 172 180 183 175 201 194 191 188 202 209 188 180 198 
377 371 409 352 386 386 360 369 366 384 
1285 1356 1311 1280 1293 1355 1340 1321 1314 1283 1344 1314 1364 1305 1303 1313 1325 1310 1324 1358 
0 0 0 0 0 0 0 0 0 0 
-
162 207 182 178 174 186 212 177 179 204 189 199 192 198 179 201 175 185 198 221 
371 409 378 351 361 382 387 384 396 369 
1292 1322 1309 1276 1293 1322 1321 1313 1306 1273 1336 1309 1366 1291 1314 1306 1320 1315 1317 1349 
0 0 0 0 0 0 0 0 0 0 
-
204 204 176 190 182 190 206 178 156 199 186 183 195 181 174 175 180 205 201 213 
368 335 386 391 356 393 373 400 367 399 
1300 1318 1314 1276 1282 1349 1315 1309 1297 1258 1326 1288 1368 1285 1313 1325 1326 1301 1304 1333 
0 0 0 0 0 0 0 0 0 0 
-
176 199 192 174 172 159 184 186 167 160 177 180 188 179 193 197 189 188 218 200 
339 384 360 368 380 353 375 400 361 348 
1303 1333 1314 1292 1301 1356 1310 1318 1313 1278 1327 1299 1373 1292 1304 1311 1312 1299 1300 1335 
0 0 0 0 0 0 0 0 0 0 
-
193 175 172 163 191 181 179 174 205 170 206 155 200 184 156 182 190 193 204 177 
384 376 349 367 378 387 358 336 343 362 
1308 1330 1343 1289 1299 1366 1333 1331 1304 1301 1313 1316 1375 1298 1336 1310 1293 1290 1291 1333 
0 0 0 0 0 0 0 0 0 0 
-
168 181 196 202 194 193 197 207 173 170 179 199 190 182 180 187 175 175 180 204 
355 413 360 381 345 365 394 377 359 373 
1309 1327 1333 1293 1308 1367 1338 1315 1323 1304 1320 1316 1375 1311 1323 1301 1324 1293 1313 1334 
0 0 0 0 0 0 0 0 0 0 
-
196 177 176 177 171 219 193 199 202 173 181 183 195 205 200 186 187 172 198 184 
389 395 409 380 370 360 366 359 373 363 
1311 1334 1342 1301 1301 1363 1319 1303 1316 1306 1299 1316 1363 1307 1303 1288 1300 1301 1304 1332 
0 0 0 0 0 0 0 0 0 0 
-
222 168 214 176 202 233 183 180 175 180 192 160 198 174 238 195 187 176 213 167 
396 395 396 364 370 398 364 383 393 364 
1287 1347 1304 1294 1290 1334 1320 1319 1332 1298 1304 1329 1366 1309 1280 1306 1298 1315 1305 1361 
0 0 0 0 0 0 0 0 0 0 
-
184 205 187 189 203 183 196 203 194 190 186 195 195 184 174 158 191 174 184 171 
344 359 356 408 424 373 386 320 379 387 
1293 1345 1326 1304 1297 1336 1317 1314 1307 1303 1310 1322 1363 1304 1294 1339 1322 1320 1320 1371 
0 0 0 0 0 0 0 0 0 0 
