402 364 394 353 383 355 371 332 374 394 
196 175 193 182 188 186 173 179 189 181 189 176 202 216 213 173 185 174 191 171 
0 0 0 0 0 0 0 0 0 0 
1345 1311 1285 1328 1276 1326 1260 1355 1277 1273 1284 1334 1322 1292 1328 1274 1253 1303 1291 1274 
-
394 360 397 377 342 375 368 374 367 341 
199 169 151 195 216 178 153 185 172 183 163 179 181 196 196 184 211 190 196 208 
0 0 0 0 0 0 0 0 0 0 
1368 1296 1292 1327 1303 1325 1245 1336 1279 1285 1287 1334 1323 1325 1343 1281 1257 1309 1294 1274 
-
373 403 358 388 339 352 362 376 372 378 
173 182 187 189 180 193 156 201 186 190 200 191 175 189 198 190 189 178 184 180 
0 0 0 0 0 0 0 0 0 0 
1356 1297 1284 1315 1304 1316 1238 1329 1288 1281 1277 1325 1323 1319 1341 1275 1284 1311 1315 1289 
-
384 386 340 381 372 387 381 390 355 394 
170 186 176 199 173 187 206 210 223 171 184 175 207 181 195 191 182 166 194 204 
0 0 0 0 0 0 0 0 0 0 
1362 1285 1281 1329 1303 1318 1231 1347 1287 1268 1278 1318 1288 1322 1339 1286 1291 1314 1293 1289 
-
384 377 370 372 368 354 361 372 369 353 
202 193 189 202 175 177 174 178 176 182 194 174 205 205 190 170 181 202 166 155 
0 0 0 0 0 0 0 0 0 0 
1351 1284 1271 1348 1292 1301 1256 1353 1295 1261 1281 1303 1302 1342 1344 1285 1289 1290 1284 1299 
-
354 376 381 363 412 382 377 393 395 394 
189 200 197 196 206 203 186 199 190 189 179 193 174 177 212 190 186 194 204 173 
0 0 0 0 0 0 0 0 0 0 
1353 1279 1281 1350 1271 1305 1253 1335 1289 1257 1287 1301 1306 1331 1342 1266 1286 1277 1271 1277 
-
319 382 368 402 409 362 375 358 369 344 
202 175 183 195 154 165 190 198 190 191 177 191 194 185 194 193 164 191 183 183 
0 0 0 0 0 0 0 0 0 0 
1342 1287 1296 1359 1297 1318 1261 1331 1320 1273 1286 1313 1322 1312 1356 1276 1270 1286 1293 1270 
-
380 354 385 368 385 366 369 388 373 354 
193 216 192 180 179 182 187 176 183 159 192 212 208 169 200 218 164 174 183 165 
0 0 0 0 0 0 0 0 0 0 
1333 1286 1268 1358 1292 1314 1266 1344 1308 1296 1275 1327 1323 1313 1347 1286 1242 1291 1287 1283 
-
375 351 354 393 354 388 370 381 360 371 
190 171 187 171 205 184 188 198 189 184 181 191 172 194 185 182 197 186 180 172 
0 0 0 0 0 0 0 0 0 0 
1336 1296 1280 1335 1271 1313 1263 1343 1293 1270 1280 1317 1328 1302 1339 1302 1243 1297 1304 1285 
-
391 378 387 358 337 389 358 380 367 370 
194 186 163 202 172 198 201 214 192 182 188 212 179 196 170 156 169 182 197 172 
0 0 0 0 0 0 0 0 0 0 
1322 1299 1291 1319 1288 1336 1260 1346 1290 1271 1291 1320 1319 1309 1334 1311 1244 1300 1293 1268 
