379 413 392 408 370 409 375 395 365 373 
393 391 360 389 412 422 371 380 385 384 
88 114 107 96 94 108 98 124 112 110 
27 24 25 28 29 31 27 32 29 30 
-
411 394 399 373 391 383 405 402 393 395 
389 402 398 404 406 403 380 379 400 395 
96 98 107 105 105 123 113 134 114 97 
17 25 21 11 19 19 13 17 27 28 
-
406 381 396 373 345 391 398 386 376 397 
375 380 403 378 402 360 411 387 378 385 
113 110 115 113 121 107 120 120 115 109 
9 12 6 4 10 10 13 11 4 18 
-
396 409 398 407 393 369 364 391 394 377 
388 387 390 383 382 380 391 408 374 425 
118 108 113 98 115 115 115 121 95 116 
5 11 10 10 17 14 13 13 5 8 
-
412 368 396 376 378 431 395 367 381 375 
379 384 358 375 396 374 396 418 398 410 
111 106 123 107 109 117 121 135 113 126 
10 6 10 7 16 7 18 7 10 10 
-
365 390 378 383 378 382 386 395 399 435 
411 368 388 377 413 367 429 389 383 372 
117 119 122 115 120 119 125 130 119 137 
11 11 10 8 10 10 9 6 9 11 
-
389 411 352 396 417 353 395 404 405 399 
383 395 401 401 377 402 402 380 390 392 
123 128 125 111 115 135 121 128 105 119 
22 28 15 15 15 24 29 18 16 20 
-
395 389 360 411 413 408 387 388 394 393 
406 399 400 399 372 379 407 402 393 391 
122 121 111 107 127 129 123 124 110 119 
15 20 26 20 22 14 19 18 19 24 
-
369 393 405 407 437 402 388 353 411 381 
408 419 389 410 367 420 388 368 379 389 
103 122 105 95 104 110 122 119 112 115 
20 26 25 23 20 20 24 23 20 13 
-
380 373 402 391 407 402 422 405 392 402 
395 406 402 403 404 398 386 397 402 384 
86 109 86 95 91 100 83 114 90 95 
26 25 19 25 24 23 30 21 17 21 
