396 378 411 369 410 426 404 425 390 381 
394 416 394 376 383 409 415 370 412 422 
292 319 325 307 343 353 299 316 320 329 
51 58 60 66 60 70 71 54 66 64 
-
413 380 391 420 412 397 386 365 403 400 
371 411 402 402 405 393 378 433 390 380 
298 311 294 294 321 348 311 296 306 317 
60 79 68 67 73 77 77 55 64 81 
-
378 370 370 377 371 398 373 391 398 440 
399 354 373 377 398 372 386 440 381 384 
292 318 317 294 328 324 333 299 281 288 
66 75 77 64 69 84 81 64 65 74 
-
364 364 393 375 375 366 399 374 404 374 
363 364 382 396 388 412 383 356 384 357 
325 312 301 311 303 305 313 308 314 273 
71 71 68 54 68 66 85 62 72 85 
-
395 393 404 375 379 369 380 397 402 361 
404 397 389 390 385 359 391 362 379 398 
339 302 288 339 311 293 335 319 330 309 
67 74 77 62 73 63 78 52 73 65 
-
411 402 391 403 383 365 392 371 402 389 
403 386 384 402 404 386 367 408 386 382 
333 315 297 326 328 323 327 315 304 322 
67 72 62 66 58 46 55 51 67 56 
-
391 381 386 391 378 390 364 390 366 384 
424 350 406 367 358 373 361 389 393 398 
321 312 306 309 333 324 332 340 318 292 
68 78 57 72 55 59 61 53 73 61 
-
368 402 381 354 393 383 372 412 383 364 
367 391 393 377 381 390 371 378 369 394 
332 330 338 304 338 318 320 344 317 320 
43 53 48 65 43 69 44 48 56 57 
-
383 390 386 381 398 390 410 400 368 395 
388 398 354 399 430 389 397 375 403 366 
330 322 333 307 339 331 306 323 332 325 
54 56 54 72 49 59 46 53 58 43 
-
410 396 380 427 384 391 360 386 404 357 
371 426 383 389 371 394 420 359 394 385 
318 348 346 308 356 370 325 328 328 355 
56 50 51 55 62 58 58 59 67 47 
